[{"id": 0, "img_name": "0027", "width": 1805, "height": 1189, "position": [3.057106573958541, 2.6044434008438, 0.0072388942995136405], "rotation": [[-0.6556591900499422, -0.008577578813131795, -0.7550082460782963], [0.7548770540620446, 0.014380917781162047, -0.6557086414364082], [0.016482104061323673, -0.9998597973450792, -0.0029539634791296275]], "fy": 1194.0912146179987, "fx": 1194.0912146179987}, {"id": 1, "img_name": "0028", "width": 1805, "height": 1189, "position": [3.592933226501834, 1.7665909659569867, 0.008861489624990185], "rotation": [[-0.43101030227284143, 0.0013239943076642762, -0.90234603472017], [0.9023460767290906, -0.0008027853315067074, -0.43101150024950496], [-0.0012950469334848077, -0.9999988012874076, -0.0008486923207396596]], "fy": 1194.0912146179987, "fx": 1194.0912146179987}, {"id": 2, "img_name": "0029", "width": 1805, "height": 1189, "position": [3.905817002294228, 0.8311108242524965, 0.017665248355701223], "rotation": [[-0.2060263912974059, 0.0019727219992604693, -0.9785444468486594], [0.9785461315279456, 0.0012033243339669862, -0.2060243201232315], [0.0007710776360714622, -0.9999973301864004, -0.002178316051044046]], "fy": 1194.0912146179987, "fx": 1194.0912146179987}, {"id": 3, "img_name": "0030", "width": 1805, "height": 1189, "position": [3.9846267085307243, -0.17372008384301482, 0.031413144901229546], "rotation": [[0.038688174430327814, 0.007047596833398486, -0.9992264791025053], [0.9991998877336041, -0.010419695891411427, 0.03861365420007952], [-0.010139502571827459, -0.999920877528753, -0.007445076976881434]], "fy": 1194.0912146179987, "fx": 1194.0912146179987}, {"id": 4, "img_name": "0001", "width": 1805, "height": 1189, "position": [2.437905371117625, 3.1896525915340637, 0.019387102036491813], "rotation": [[-0.800640663255481, -0.019208000152492292, -0.5988368568094589], [0.5984841764039274, 0.021284347850797716, -0.8008518384387207], [0.028128614201065483, -0.9995889301448744, -0.0055454302285922455]], "fy": 1194.0912146179987, "fx": 1194.0912146179987}, {"id": 5, "img_name": "0002", "width": 1805, "height": 1189, "position": [2.5573993474438, 3.0931281698120836, 0.01658333701274435], "rotation": [[-0.7781519769980749, -0.016570558277618257, -0.627857402037933], [0.627553358923476, 0.020260938116749352, -0.7783098843587251], [0.0256180092656461, -0.9996573968047573, -0.005367179545027661]], "fy": 1194.0912146179987, "fx": 1194.0912146179987}, {"id": 6, "img_name": "0003", "width": 1805, "height": 1189, "position": [2.710821726583249, 2.961604157553725, 0.013160614024980002], "rotation": [[-0.7448728739462661, -0.01479449133455795, -0.6670423709830198], [0.6668019367603955, 0.018299868218756083, -0.7450102629868677], [0.023228835365231786, -0.9997230805832157, -0.0037660799576747085]], "fy": 1194.0912146179987, "fx": 1194.0912146179987}, {"id": 7, "img_name": "0004", "width": 1805, "height": 1189, "position": [2.8364860956315625, 2.842294075024178, 0.010493693570405504], "rotation": [[-0.7145894418914329, -0.012987072735356183, -0.6994235236825567], [0.6992226209774315, 0.01704721043779086, -0.7147007198329526], [0.021205090225839673, -0.9997703379074233, -0.0031009015557065312]], "fy": 1194.0912146179987, "fx": 1194.0912146179987}, {"id": 8, "img_name": "0005", "width": 1805, "height": 1189, "position": [2.991061738689251, 2.6799925351289144, 0.008120858323252138], "rotation": [[-0.6748874023040525, -0.009428002202045156, -0.737860492903119], [0.7377160871072108, 0.014926755866586615, -0.6749460473123207], [0.017377256261486305, -0.9998441402214873, -0.00311869059789655]], "fy": 1194.0912146179987, "fx": 1194.0912146179987}, {"id": 9, "img_name": "0006", "width": 1805, "height": 1189, "position": [3.1198325290451296, 2.5277173955418792, 0.0066037265339621565], "rotation": [[-0.6328404095878682, -0.006348435126097096, -0.7742562323711554], [0.774159153430517, 0.012642922183522693, -0.632864726208063], [0.013806561953903028, -0.9998999219379799, -0.0030862528901802223]], "fy": 1194.0912146179987, "fx": 1194.0912146179987}, {"id": 10, "img_name": "0007", "width": 1805, "height": 1189, "position": [3.2393828451159647, 2.3691692276340572, 0.005693171895378065], "rotation": [[-0.583232281406993, -0.0037552073584767383, -0.8122967464812081], [0.8122395135755528, 0.010042754204224895, -0.5832376151060066], [0.010347874749788816, -0.9999425191015506, -0.0028071306479153244]], "fy": 1194.0912146179987, "fx": 1194.0912146179987}, {"id": 11, "img_name": "0008", "width": 1805, "height": 1189, "position": [3.3515036345902933, 2.203345237737387, 0.005795020114487044], "rotation": [[-0.5379502306703488, -0.0018995410738882343, -0.8429744605068972], [0.8429451275017126, 0.007429011478311442, -0.5379482519811517], [0.007284321743293676, -0.9999706003346451, -0.002395229545686908]], "fy": 1194.0912146179987, "fx": 1194.0912146179987}, {"id": 12, "img_name": "0009", "width": 1805, "height": 1189, "position": [3.4556602204446123, 2.031650344894248, 0.006451363051561614], "rotation": [[-0.49664975876095874, -0.00019144826778322483, -0.8679510242356476], [0.8679453448242868, 0.003514751799383925, -0.4966472842145], [0.0031457146864714374, -0.9999938049152188, -0.0015794340004716058]], "fy": 1194.0912146179987, "fx": 1194.0912146179987}, {"id": 13, "img_name": "0010", "width": 1805, "height": 1189, "position": [3.5485403446971198, 1.8564589869786037, 0.0078068490700986684], "rotation": [[-0.4524131840769103, 0.0003917135787051564, -0.891808363627148], [0.8918082089557395, 0.0009334246250131256, -0.45241269561941505], [0.0006552196913494815, -0.9999994876400732, -0.0007716269917467317]], "fy": 1194.0912146179987, "fx": 1194.0912146179987}, {"id": 14, "img_name": "0011", "width": 1805, "height": 1189, "position": [3.6357059962721143, 1.67500905270201, 0.01011588124866588], "rotation": [[-0.40927356004022786, 0.0020248098491243674, -0.9124094767145615], [0.9124062857870083, -0.0025441684904596007, -0.40927777469959], [-0.003150033110293381, -0.9999947136626443, -0.0008061883384320041]], "fy": 1194.0912146179987, "fx": 1194.0912146179987}, {"id": 15, "img_name": "0012", "width": 1805, "height": 1189, "position": [3.7014147645792823, 1.5155767894734002, 0.011957492907972343], "rotation": [[-0.3689785865630358, 0.0032520159148729964, -0.9294322068079527], [0.929418618613613, -0.005149582804482928, -0.3689912101545285], [-0.005986153397981653, -0.999981452923451, -0.0011223983547233823]], "fy": 1194.0912146179987, "fx": 1194.0912146179987}, {"id": 16, "img_name": "0013", "width": 1805, "height": 1189, "position": [3.7797469613403893, 1.300548601814065, 0.014335079436335597], "rotation": [[-0.3183503337325496, 0.0029662353675330424, -0.9479684944456678], [0.9479672038173457, -0.002541336193210515, -0.3183578522623183], [-0.0033534309658704254, -0.9999923715006854, -0.0020028586219893035]], "fy": 1194.0912146179987, "fx": 1194.0912146179987}, {"id": 17, "img_name": "0014", "width": 1805, "height": 1189, "position": [3.8395413107176695, 1.1042603870421805, 0.015972190229347264], "rotation": [[-0.272542531781891, 0.0021922333994206073, -0.9621412383242424], [0.9621423080487902, 0.002343734800659522, -0.2725374946126329], [0.0016575381051259286, -0.9999948504974282, -0.0027480079190973228]], "fy": 1194.0912146179987, "fx": 1194.0912146179987}, {"id": 18, "img_name": "0015", "width": 1805, "height": 1189, "position": [3.884228905053304, 0.930245190374331, 0.01735591402245272], "rotation": [[-0.23007827241395995, 0.0014529058991498863, -0.9731710423296219], [0.9731701637978798, 0.0023520817541204937, -0.23007455314534353], [0.0019547011767927667, -0.9999961783813663, -0.001955087578423106]], "fy": 1194.0912146179987, "fx": 1194.0912146179987}, {"id": 19, "img_name": "0016", "width": 1805, "height": 1189, "position": [3.92481119118566, 0.732217805902053, 0.018617845023370685], "rotation": [[-0.18131027248377957, 0.002120440059704108, -0.9834236568373155], [0.983425701087746, -0.00031027165451736054, -0.18131131837691655], [-0.0006895882678626177, -0.9999977037308239, -0.0020290398141045844]], "fy": 1194.0912146179987, "fx": 1194.0912146179987}, {"id": 20, "img_name": "0017", "width": 1805, "height": 1189, "position": [3.955343777731049, 0.5331198845929731, 0.020536336225009055], "rotation": [[-0.1320288304894351, 0.0026884281040663867, -0.9912422308776945], [0.9912405104276358, -0.002932367271720418, -0.13203655444362333], [-0.003261657059903223, -0.9999920867576804, -0.0022777218246720922]], "fy": 1194.0912146179987, "fx": 1194.0912146179987}, {"id": 21, "img_name": "0018", "width": 1805, "height": 1189, "position": [3.978246171370767, 0.30458017413880045, 0.02346993496402853], "rotation": [[-0.0768848351344626, 0.0043756382697539625, -0.9970303786332423], [0.9970176507258227, -0.006355134948222259, -0.07691174423292695], [-0.006672800575150517, -0.9999702325824448, -0.0038739750853848368]], "fy": 1194.0912146179987, "fx": 1194.0912146179987}, {"id": 22, "img_name": "0019", "width": 1805, "height": 1189, "position": [3.986280635522404, 0.13173319507090275, 0.026916229231084682], "rotation": [[-0.03296659962021304, 0.00584265970855301, -0.9994393761696994], [0.9993954263780482, -0.010857796104626727, -0.0330286239251611], [-0.01104468397562242, -0.9999239829070745, -0.005481182773672106]], "fy": 1194.0912146179987, "fx": 1194.0912146179987}, {"id": 23, "img_name": "0020", "width": 1805, "height": 1189, "position": [3.9876895235058396, -0.07041781786167038, 0.02988927471511075], "rotation": [[0.014585332121463969, 0.006469105155306572, -0.9998727012809498], [0.9998280405347072, -0.011547735718274086, 0.014509967619170193], [-0.011452399199980708, -0.9999123964026739, -0.006636420292145126]], "fy": 1194.0912146179987, "fx": 1194.0912146179987}, {"id": 24, "img_name": "0021", "width": 1805, "height": 1189, "position": [3.978479568915093, -0.2733105366568368, 0.033367266638484334], "rotation": [[0.06357588516839453, 0.007691909531906214, -0.997947364019904], [0.9979388334709771, -0.00923619960478658, 0.06350415157645987], [-0.008728772860331855, -0.9999277609638013, -0.008263254790901125]], "fy": 1194.0912146179987, "fx": 1194.0912146179987}, {"id": 25, "img_name": "0022", "width": 1805, "height": 1189, "position": [3.9567140570924977, -0.4949139504659353, 0.037339796706308326], "rotation": [[0.12050633378783052, 0.008595617372011373, -0.9926753441485675], [0.9926595633264849, -0.011375715564795278, 0.12040591526939552], [-0.010257429186236816, -0.9998983490629685, -0.009903367563949063]], "fy": 1194.0912146179987, "fx": 1194.0912146179987}, {"id": 26, "img_name": "0023", "width": 1805, "height": 1189, "position": [3.926119982457649, -0.6996724348878982, 0.04062224923455898], "rotation": [[0.16891161633733784, 0.008262257002950997, -0.9855965711065519], [0.9855385297395424, -0.015127986476766544, 0.16877485127820402], [-0.013515630402352034, -0.9998514285311804, -0.010698065266738655]], "fy": 1194.0912146179987, "fx": 1194.0912146179987}, {"id": 27, "img_name": "0024", "width": 1805, "height": 1189, "position": [3.886508508348805, -0.8933228935059472, 0.04486645382013876], "rotation": [[0.21786786946666553, 0.008547643015568441, -0.975940843112123], [0.9758491826208593, -0.018171288640745357, 0.2176882565673569], [-0.015873381250663517, -0.9997983507035204, -0.01230015039170044]], "fy": 1194.0912146179987, "fx": 1194.0912146179987}, {"id": 28, "img_name": "0025", "width": 1805, "height": 1189, "position": [3.8377204665271245, -1.0856317303264233, 0.04942812537166295], "rotation": [[0.2655538968456231, 0.008745316792685108, -0.9640563506900242], [0.9639573078343613, -0.019370304283339003, 0.2653508997246874], [-0.01635348717983472, -0.9997741298651576, -0.013573971817161568]], "fy": 1194.0912146179987, "fx": 1194.0912146179987}, {"id": 29, "img_name": "0026", "width": 1805, "height": 1189, "position": [3.790632901807667, -1.2443197939174695, 0.05449782436413594], "rotation": [[0.3067083989536241, 0.007797096157399008, -0.951771591982175], [0.9516592998228783, -0.019919674461570818, 0.30650902699590055], [-0.016569099917458068, -0.9997711797518091, -0.013529710531587835]], "fy": 1194.0912146179987, "fx": 1194.0912146179987}]