[{"id": 0, "img_name": "0026", "width": 1734, "height": 1155, "position": [2.948057759460215, -2.6790110716181226, 0.07798654958903396], "rotation": [[0.66732256821836, -0.0027932038336507376, -0.7447635785652947], [0.744123789959623, -0.03910924856066562, 0.6668959828137708], [-0.030989920328882564, -0.9992310366916918, -0.02401999476776772]], "fy": 1640.973573120262, "fx": 1640.9735731202618}, {"id": 1, "img_name": "0027", "width": 1734, "height": 1155, "position": [3.6742964629117094, -1.5439227538446392, 0.02690408304758823], "rotation": [[0.38893079727910806, 0.008575535812941586, -0.9212270594766232], [0.9212659807703341, -0.005087685341531498, 0.3888998690320414], [-0.0013518886521887744, -0.9999502865852747, -0.009879106927527925]], "fy": 1640.973573120262, "fx": 1640.9735731202618}, {"id": 2, "img_name": "0028", "width": 1734, "height": 1155, "position": [4.002162301902764, -0.16480442573859475, 0.009399827337080918], "rotation": [[0.053670541839067755, -0.0003873210033394966, -0.9985586226755689], [0.9984701379841648, 0.013338750317364399, 0.05366061212707494], [0.013298740262991837, -0.9999109598964291, 0.0011026264126374429]], "fy": 1640.973573120262, "fx": 1640.9735731202618}, {"id": 3, "img_name": "0029", "width": 1734, "height": 1155, "position": [3.885171241949789, 1.0406424930369635, 0.009835739083591052], "rotation": [[-0.26831578119960725, -0.006894386781934316, -0.9633063422342518], [0.9631794585283017, 0.015817175293824433, -0.2683936430596865], [0.01708719486183785, -0.9998511311166339, 0.0023965339821744574]], "fy": 1640.973573120262, "fx": 1640.9735731202618}, {"id": 4, "img_name": "0001", "width": 1734, "height": 1155, "position": [2.861513104737821, -2.771024799960875, 0.08475029698783083], "rotation": [[0.690199274293282, -0.002970083989053037, -0.7236132533091918], [0.7229500961311045, -0.0401679628663794, 0.689731609586795], [-0.03111463109892106, -0.9991885274355645, -0.02557667631481129]], "fy": 1640.973573120262, "fx": 1640.9735731202618}, {"id": 5, "img_name": "0002", "width": 1734, "height": 1155, "position": [3.014121023577527, -2.603584067608371, 0.07316252309019657], "rotation": [[0.6497773393945222, -0.002050814755670384, -0.7601218345546993], [0.7595348111470204, -0.03763367945307489, 0.6493770682944399], [-0.029937933540566924, -0.9992894977574065, -0.022895846908499756]], "fy": 1640.973573120262, "fx": 1640.9735731202618}, {"id": 6, "img_name": "0003", "width": 1734, "height": 1155, "position": [3.1415755377210086, -2.4484565771411875, 0.06352502474807442], "rotation": [[0.6099055849811165, -0.0007646083521389713, -0.7924737174073961], [0.7919924797934814, -0.0342698950112291, 0.6095682785763132], [-0.027624072091708265, -0.999412322151661, -0.02029583629918386]], "fy": 1640.973573120262, "fx": 1640.9735731202618}, {"id": 7, "img_name": "0004", "width": 1734, "height": 1155, "position": [3.259824356748366, -2.2882136303800804, 0.05452438975935282], "rotation": [[0.569129093724217, 0.0011174927878505254, -0.8222474237631321], [0.8218886931740121, -0.03034026968941827, 0.5688395591622359], [-0.024311534483594913, -0.9995390033628655, -0.018185984878724894]], "fy": 1640.973573120262, "fx": 1640.9735731202618}, {"id": 8, "img_name": "0005", "width": 1734, "height": 1155, "position": [3.3707211163289097, -2.1222630820111177, 0.0464213851155434], "rotation": [[0.5264274770314076, 0.003254400628889069, -0.8502138085808069], [0.8499970256068229, -0.02491689995089526, 0.5261978758569724], [-0.01947223370716852, -0.9996842286302067, -0.015883171631282573]], "fy": 1640.973573120262, "fx": 1640.9735731202618}, {"id": 9, "img_name": "0006", "width": 1734, "height": 1155, "position": [3.4609324818331566, -1.972183723859896, 0.04009312436344157], "rotation": [[0.4908854863839359, 0.005701508371960197, -0.871205447674932], [0.8711140842732246, -0.01910347226999473, 0.490708986598014], [-0.013845267715841698, -0.9998012553243277, -0.014344281521294725]], "fy": 1640.973573120262, "fx": 1640.9735731202618}, {"id": 10, "img_name": "0007", "width": 1734, "height": 1155, "position": [3.5329023826801733, -1.8401170668920783, 0.03497311041238549], "rotation": [[0.4613443853684495, 0.007345867449058843, -0.887190732773408], [0.8871759730928024, -0.013909943872672694, 0.46122153703865254], [-0.008952701021496295, -0.9998762681909531, -0.012934351608777414]], "fy": 1640.973573120262, "fx": 1640.9735731202618}, {"id": 11, "img_name": "0008", "width": 1734, "height": 1155, "position": [3.6329228210476345, -1.6368826070173903, 0.029230790789172914], "rotation": [[0.4117979900847114, 0.008538013163858433, -0.9112351604783444], [0.9112691172753291, -0.007499480077065246, 0.41174306757833173], [-0.0033183222004174143, -0.9999354279794143, -0.0108686985415303]], "fy": 1640.973573120262, "fx": 1640.9735731202618}, {"id": 12, "img_name": "0009", "width": 1734, "height": 1155, "position": [3.72255007499718, -1.4262080002381274, 0.02449160991739526], "rotation": [[0.36006441934699324, 0.008531786214762726, -0.9328884298472598], [0.9329272187537366, -0.0025995144927251908, 0.360055616582797], [0.0006468605526254304, -0.999960224782453, -0.008895528260747345]], "fy": 1640.973573120262, "fx": 1640.9735731202618}, {"id": 13, "img_name": "0010", "width": 1734, "height": 1155, "position": [3.784501467083575, -1.2575232663379377, 0.02130810188966891], "rotation": [[0.31854241812077766, 0.008177756902375669, -0.9478733312781834], [0.9479042820092328, 0.0002727142221004031, 0.3185551722630046], [0.0028635652969505355, -0.9999665243984847, -0.0076648597372287585]], "fy": 1640.973573120262, "fx": 1640.9735731202618}, {"id": 14, "img_name": "0011", "width": 1734, "height": 1155, "position": [3.838382801094875, -1.088108307711218, 0.01861383694894286], "rotation": [[0.2757966287635098, 0.008465792060078709, -0.9611787294390495], [0.9611993137558404, 0.003464948533269022, 0.27583305343442976], [0.0056655801024517, -0.9999581613722862, -0.00718169239423273]], "fy": 1640.973573120262, "fx": 1640.9735731202618}, {"id": 15, "img_name": "0012", "width": 1734, "height": 1155, "position": [3.8915334118365403, -0.8907995270868451, 0.01613440431619116], "rotation": [[0.22644655106721703, 0.007663054640886937, -0.9739934481822351], [0.9739902701126109, 0.00648999965206032, 0.2264968733348835], [0.008056875056167014, -0.9999495774771214, -0.0059941026219287605]], "fy": 1640.973573120262, "fx": 1640.9735731202618}, {"id": 16, "img_name": "0013", "width": 1734, "height": 1155, "position": [3.9435821464120577, -0.6427758622843258, 0.013644311703602408], "rotation": [[0.1681760390941511, 0.0056671671840354595, -0.9857406875488595], [0.9857245050116585, 0.007149909539218028, 0.16821438408501446], [0.008001255782470273, -0.9999583801380314, -0.004383822101114592]], "fy": 1640.973573120262, "fx": 1640.9735731202618}, {"id": 17, "img_name": "0014", "width": 1734, "height": 1155, "position": [3.971483841652512, -0.46622697795387574, 0.011495874210089553], "rotation": [[0.1258450692972999, 0.0033992673969900395, -0.9920440834526001], [0.9920205107096842, 0.007267032125980647, 0.12586697968639726], [0.007637071745244656, -0.9999678170940451, -0.0024576228177211946]], "fy": 1640.973573120262, "fx": 1640.9735731202618}, {"id": 18, "img_name": "0015", "width": 1734, "height": 1155, "position": [3.994512607794765, -0.2647319858005838, 0.009663855764567986], "rotation": [[0.07735437086410711, 0.0007757784224085801, -0.9970033598111118], [0.9969440086868925, 0.010878771011552388, 0.07735823087807635], [0.01090618409544437, -0.9999405234851245, 6.811283708442093e-05]], "fy": 1640.973573120262, "fx": 1640.9735731202618}, {"id": 19, "img_name": "0016", "width": 1734, "height": 1155, "position": [4.007326384651286, -0.06482044373337129, 0.008205369344755055], "rotation": [[0.027474356334831144, -0.0014677387882999025, -0.9996214310855003], [0.9995073619458713, 0.015218166753401211, 0.027448876419064558], [0.015172117847917178, -0.9998831197405538, 0.0018851250604649918]], "fy": 1640.973573120262, "fx": 1640.9735731202618}, {"id": 20, "img_name": "0017", "width": 1734, "height": 1155, "position": [4.009538913460387, 0.13765817400708222, 0.00820108294935444], "rotation": [[-0.020583661751652778, -0.0028808071041791223, -0.9997839835774076], [0.9996166887153061, 0.018459095228593115, -0.0206334060490977], [0.018514548623607192, -0.9998254661451454, 0.002499747085880061]], "fy": 1640.973573120262, "fx": 1640.9735731202618}, {"id": 21, "img_name": "0018", "width": 1734, "height": 1155, "position": [4.001666930493003, 0.3382166611957161, 0.008808291018419581], "rotation": [[-0.07089545714233607, -0.0038187335592551573, -0.9974764415409371], [0.9972251019821087, 0.02249988366511664, -0.07096373166503836], [0.022714095476964843, -0.9997395523373312, 0.002212997424982807]], "fy": 1640.973573120262, "fx": 1640.9735731202618}, {"id": 22, "img_name": "0019", "width": 1734, "height": 1155, "position": [3.9824252205517143, 0.5415948862424665, 0.009214250816073449], "rotation": [[-0.12693188896867447, -0.004496447750742533, -0.9919012438338087], [0.9916514439422652, 0.0223189354002664, -0.12700109782918473], [0.022709233585246524, -0.9997407899444789, 0.001625924274509055]], "fy": 1640.973573120262, "fx": 1640.9735731202618}, {"id": 23, "img_name": "0020", "width": 1734, "height": 1155, "position": [3.952015378091476, 0.7442700484199413, 0.009923995748177086], "rotation": [[-0.1890479906340465, -0.004901052585610803, -0.9819556186098077], [0.9818082123902793, 0.017087201030408276, -0.18910489587514495], [0.017705686097005218, -0.999841991138143, 0.0015815926575505103]], "fy": 1640.973573120262, "fx": 1640.9735731202618}, {"id": 24, "img_name": "0021", "width": 1734, "height": 1155, "position": [3.916172722904931, 0.9184244381446226, 0.010068509124703149], "rotation": [[-0.23796384584379954, -0.005458004410188655, -0.9712586773139659], [0.9711503792440107, 0.014617763074337353, -0.23801945697130572], [0.0154967404747299, -0.9998782581840392, 0.0018220439340673026]], "fy": 1640.973573120262, "fx": 1640.9735731202618}, {"id": 25, "img_name": "0022", "width": 1734, "height": 1155, "position": [3.857415199608409, 1.137704610983048, 0.009568217852517913], "rotation": [[-0.2925080165632485, -0.007856649984572564, -0.956230794994515], [0.9560867953999547, 0.016796582492518603, -0.29260197278626815], [0.018360280714989123, -0.9998280591512615, 0.0025985042764013954]], "fy": 1640.973573120262, "fx": 1640.9735731202618}, {"id": 26, "img_name": "0023", "width": 1734, "height": 1155, "position": [3.8109016354656364, 1.283036703060156, 0.009359237967275056], "rotation": [[-0.3286686057772618, -0.009420008110891448, -0.9443983328141838], [0.9442274371917984, 0.01820006889558392, -0.32879066949413815], [0.020285325495512905, -0.9997899884165546, 0.0029128388479112196]], "fy": 1640.973573120262, "fx": 1640.9735731202618}, {"id": 27, "img_name": "0024", "width": 1734, "height": 1155, "position": [3.739532462298969, 1.473390421800211, 0.01003997968135563], "rotation": [[-0.376381666848576, -0.01024190859827299, -0.9264080872742528], [0.926181750241744, 0.020551743963016973, -0.37651692038900053], [0.02289555369925606, -0.9997363298024785, 0.0017505691819188758]], "fy": 1640.973573120262, "fx": 1640.9735731202618}, {"id": 28, "img_name": "0025", "width": 1734, "height": 1155, "position": [3.6585591038172116, 1.660178956491803, 0.011217537952025933], "rotation": [[-0.4229097669207698, -0.010811648509891551, -0.9061072989983617], [0.9057839394239801, 0.02420931029864651, -0.42304770933836566], [0.026510075901600944, -0.9996484469802119, -0.0004453361967562947]], "fy": 1640.973573120262, "fx": 1640.9735731202618}]