[{"id": 0, "img_name": "0027", "width": 1800, "height": 1186, "position": [3.600887735721301, -1.815805463499942, 0.14296238765745328], "rotation": [[0.44862530663596495, 0.030145536706606225, -0.8932113864389466], [0.8937112524953987, -0.01953930609598295, 0.4482169259191281], [-0.003940990895230596, -0.9993545227474007, -0.035707232555971434]], "fy": 1198.6700788649687, "fx": 1198.6700788649687}, {"id": 1, "img_name": "0028", "width": 1800, "height": 1186, "position": [4.001820396763407, -0.10114167496105786, 0.03894455716197619], "rotation": [[0.027275443483362482, 0.00999836001290817, -0.999577952428707], [0.9996265658320774, 0.0013947791606219344, 0.027290721387692087], [0.0016670529549108234, -0.9999490423965978, -0.009956583063488874]], "fy": 1198.6700788649687, "fx": 1198.6700788649687}, {"id": 2, "img_name": "0029", "width": 1800, "height": 1186, "position": [3.6341513531112697, 1.6450434471909716, -0.04754033686384909], "rotation": [[-0.4024413969965039, -0.01511788554825071, -0.9153209117690803], [0.915291636898468, 0.01170111510760083, -0.4026217869526709], [0.016797065443386806, -0.999817250022981, 0.00912826109958229]], "fy": 1198.6700788649687, "fx": 1198.6700788649687}, {"id": 3, "img_name": "0030", "width": 1800, "height": 1186, "position": [3.1094107178077914, 2.4709018455198013, -0.08666724063283793], "rotation": [[-0.6277626631285165, -0.033345347566267114, -0.7776902510506388], [0.7780700379541373, 0.0024173918883769853, -0.6281728840490534], [0.022826625254879756, -0.9994409657472876, 0.02442746747680649]], "fy": 1198.6700788649687, "fx": 1198.6700788649687}, {"id": 4, "img_name": "0001", "width": 1800, "height": 1186, "position": [3.5488964695445175, -1.9166353059689265, 0.14950687014673683], "rotation": [[0.4714864447401702, 0.030098383291663703, -0.8813595292224568], [0.8818582404474903, -0.021933924981180755, 0.4710041896732725], [-0.005155209162648512, -0.9993062544885201, -0.036884055638475244]], "fy": 1198.6700788649687, "fx": 1198.6700788649687}, {"id": 5, "img_name": "0002", "width": 1800, "height": 1186, "position": [3.631029315968033, -1.7501074589080228, 0.1380354302960916], "rotation": [[0.4314614895028832, 0.02969690081081982, -0.9016424330963542], [0.9021258811780115, -0.017684952906462426, 0.431110353563322], [-0.003142862559489773, -0.9994024897530804, -0.034420718935027475]], "fy": 1198.6700788649687, "fx": 1198.6700788649687}, {"id": 6, "img_name": "0003", "width": 1800, "height": 1186, "position": [3.7096080380606056, -1.5684598194404884, 0.12621773963790747], "rotation": [[0.3871407264810569, 0.02797687238882682, -0.9215960896796312], [0.9220173846423274, -0.014402470534139174, 0.38688048704972944], [-0.002449554510071315, -0.9995048091207868, -0.03137094561612694]], "fy": 1198.6700788649687, "fx": 1198.6700788649687}, {"id": 7, "img_name": "0004", "width": 1800, "height": 1186, "position": [3.7758188383520483, -1.3883523384803633, 0.11428326992915136], "rotation": [[0.33914529270833943, 0.026647902056440062, -0.9403565067310873], [0.940734004874373, -0.009660074227474755, 0.3390076917105908], [-5.006989022750357e-05, -0.9995982054223775, -0.02834475632451614]], "fy": 1198.6700788649687, "fx": 1198.6700788649687}, {"id": 8, "img_name": "0005", "width": 1800, "height": 1186, "position": [3.8368353811465346, -1.1989672318987985, 0.10330741279607747], "rotation": [[0.2923413739463656, 0.02546445560603489, -0.9559749382601865], [0.9563100489986659, -0.00490049211636948, 0.2923133171122837], [0.0027588518382677127, -0.9996637167965204, -0.02578453138664439]], "fy": 1198.6700788649687, "fx": 1198.6700788649687}, {"id": 9, "img_name": "0006", "width": 1800, "height": 1186, "position": [3.888078650517012, -1.0066242788730861, 0.09268260101844816], "rotation": [[0.24471077956998924, 0.023421295850794863, -0.9693131987467446], [0.9695931069713998, -0.003419215231800652, 0.2446988268887832], [0.002416873165364356, -0.9997198366890575, -0.023545845838160086]], "fy": 1198.6700788649687, "fx": 1198.6700788649687}, {"id": 10, "img_name": "0007", "width": 1800, "height": 1186, "position": [3.930910071721119, -0.8074026902612221, 0.08059553764064314], "rotation": [[0.19737837880514522, 0.01944002779921115, -0.9801346136634226], [0.9803171299001526, -0.008486416977414677, 0.19724681379229594], [-0.004483347482116978, -0.9997750077131251, -0.020732427482168456]], "fy": 1198.6700788649687, "fx": 1198.6700788649687}, {"id": 11, "img_name": "0008", "width": 1800, "height": 1186, "position": [3.9637426881885984, -0.6054366538884448, 0.06864377270606416], "rotation": [[0.1502987100738009, 0.01715857281080734, -0.9884917203148321], [0.9886215817316114, -0.008815327659752124, 0.15016543587902656], [-0.006137253838330398, -0.9998139193765384, -0.018288267768616046]], "fy": 1198.6700788649687, "fx": 1198.6700788649687}, {"id": 12, "img_name": "0009", "width": 1800, "height": 1186, "position": [3.9864494999392774, -0.4046454516159218, 0.056241410536537445], "rotation": [[0.10144986441622955, 0.014591884074073455, -0.9947336336581896], [0.9948394240014491, -0.003059758395197009, 0.10141576963681825], [-0.0015637974327470786, -0.9998888512227047, -0.014826993621686338]], "fy": 1198.6700788649687, "fx": 1198.6700788649687}, {"id": 13, "img_name": "0010", "width": 1800, "height": 1186, "position": [3.999212769586105, -0.20253490573861987, 0.04459282221621869], "rotation": [[0.05218425842480702, 0.011476307536023763, -0.9985715285044531], [0.9986372417675883, 8.127710216077368e-05, 0.0521886266235845], [0.0006800937291520709, -0.9999341417118927, -0.011456426718148211]], "fy": 1198.6700788649687, "fx": 1198.6700788649687}, {"id": 14, "img_name": "0011", "width": 1800, "height": 1186, "position": [4.001925441709727, 0.0017099968427373219, 0.03363040603887159], "rotation": [[0.0028246953777854395, 0.00873815667541541, -0.9999578319687618], [0.9999925775524025, 0.0025955209065098095, 0.002847474552367918], [0.0026202931372709937, -0.9999584530823606, -0.00873076026099785]], "fy": 1198.6700788649687, "fx": 1198.6700788649687}, {"id": 15, "img_name": "0012", "width": 1800, "height": 1186, "position": [3.9943175793260317, 0.20058986524576736, 0.022702320751549876], "rotation": [[-0.04784260301350071, 0.005633216915369937, -0.9988390021448926], [0.9988419291336313, 0.005363387902025948, -0.047812494965423696], [0.005087822864770321, -0.9999697500120316, -0.00588329168918038]], "fy": 1198.6700788649687, "fx": 1198.6700788649687}, {"id": 16, "img_name": "0013", "width": 1800, "height": 1186, "position": [3.9800632563530685, 0.37436789261807574, 0.013995952153674517], "rotation": [[-0.09107607614442886, 0.002765116256946967, -0.9958400988552066], [0.9958184989710812, 0.007400526601696958, -0.09105355189667261], [0.007117967486012228, -0.9999687926829671, -0.003427564844758517]], "fy": 1198.6700788649687, "fx": 1198.6700788649687}, {"id": 17, "img_name": "0014", "width": 1800, "height": 1186, "position": [3.9504098729342347, 0.6001723233881026, 0.0024355201445289106], "rotation": [[-0.14531410365810576, -0.00031901041464688296, -0.9893855211757069], [0.9893665410544021, 0.006155652706164798, -0.14531330077391144], [0.0061366701171990945, -0.9999810029064775, -0.0005788849249274437]], "fy": 1198.6700788649687, "fx": 1198.6700788649687}, {"id": 18, "img_name": "0015", "width": 1800, "height": 1186, "position": [3.9084084845480613, 0.822746405299825, -0.00891243388886208], "rotation": [[-0.19838651075920175, -0.003404403114151286, -0.9801179533045773], [0.9801082621560531, 0.0049535814198254195, -0.19840175524565962], [0.005530533636138269, -0.9999819358729845, 0.0023539598862486666]], "fy": 1198.6700788649687, "fx": 1198.6700788649687}, {"id": 19, "img_name": "0016", "width": 1800, "height": 1186, "position": [3.8676093936281646, 0.9924222408731888, -0.017451057694253678], "rotation": [[-0.2400164953238528, -0.0060333361395211215, -0.9707500609473122], [0.9707298031664982, 0.007472591116023891, -0.24005792973019033], [0.00870236846433431, -0.9999538785557904, 0.004063194072498418]], "fy": 1198.6700788649687, "fx": 1198.6700788649687}, {"id": 20, "img_name": "0017", "width": 1800, "height": 1186, "position": [3.8121567953936992, 1.1837507523987787, -0.026753751509054475], "rotation": [[-0.28706962668945235, -0.009163522904041998, -0.9578658879415706], [0.9578277733150643, 0.010333428915369234, -0.2871570596610097], [0.012529409356762262, -0.9999046204996586, 0.005810663157743075]], "fy": 1198.6700788649687, "fx": 1198.6700788649687}, {"id": 21, "img_name": "0018", "width": 1800, "height": 1186, "position": [3.747932662240088, 1.3702991415759964, -0.03527793068452753], "rotation": [[-0.3327694212784814, -0.011688688743630448, -0.9429357808563462], [0.9428891888115809, 0.011763087509812186, -0.3328987945224134], [0.014982986498648546, -0.9998624927105825, 0.007106742424664399]], "fy": 1198.6700788649687, "fx": 1198.6700788649687}, {"id": 22, "img_name": "0019", "width": 1800, "height": 1186, "position": [3.6749324917734087, 1.5532406118254953, -0.04315722932454276], "rotation": [[-0.3779167720998919, -0.014529952675654044, -0.925725549956665], [0.9256623900153998, 0.013630809656390259, -0.3781049335027103], [0.01811223555574218, -0.9998015210555958, 0.008298519134105512]], "fy": 1198.6700788649687, "fx": 1198.6700788649687}, {"id": 23, "img_name": "0020", "width": 1800, "height": 1186, "position": [3.5792314123639093, 1.757960586070233, -0.052813428158573116], "rotation": [[-0.4369805311873612, -0.01595746829214764, -0.8993294027055075], [0.8993551244138172, 0.008294589528429236, -0.43714020631276], [0.014435219227748356, -0.999838266417118, 0.01072685674309982]], "fy": 1198.6700788649687, "fx": 1198.6700788649687}, {"id": 24, "img_name": "0021", "width": 1800, "height": 1186, "position": [3.4842570792018845, 1.9354385219460029, -0.06102796692174016], "rotation": [[-0.49159372412571684, -0.01795095877980621, -0.8706396346829279], [0.8707439681372213, 0.00347853924773402, -0.49172435542420334], [0.011855477775124015, -0.9998328174476548, 0.013920661016485083]], "fy": 1198.6700788649687, "fx": 1198.6700788649687}, {"id": 25, "img_name": "0022", "width": 1800, "height": 1186, "position": [3.392085584239261, 2.0863862357306995, -0.06845346909926539], "rotation": [[-0.5310376072863373, -0.02235094692238817, -0.847053419107085], [0.847231152501354, 0.0026130950779836544, -0.5312179834732078], [0.01408665607308568, -0.9997467713913928, 0.017548766762727347]], "fy": 1198.6700788649687, "fx": 1198.6700788649687}, {"id": 26, "img_name": "0023", "width": 1800, "height": 1186, "position": [3.279454151611694, 2.2516999302235177, -0.07654877350279377], "rotation": [[-0.572590308465516, -0.027852311000047203, -0.8193684076317869], [0.8196349049103432, 0.0029961062321122193, -0.5728783867454407], [0.01841090178534078, -0.9996075590556176, 0.02111318488641638]], "fy": 1198.6700788649687, "fx": 1198.6700788649687}, {"id": 27, "img_name": "0024", "width": 1800, "height": 1186, "position": [3.1735610308591067, 2.392058077801831, -0.08324740500945463], "rotation": [[-0.6078050943787024, -0.03134776489178938, -0.7934672550807081], [0.7938104415825602, 0.0023476424360519598, -0.608160728269668], [0.020927256925862094, -0.9995057809802851, 0.023457274058965586]], "fy": 1198.6700788649687, "fx": 1198.6700788649687}, {"id": 28, "img_name": "0025", "width": 1800, "height": 1186, "position": [3.0264756040884033, 2.5670570908047003, -0.09080459669246332], "rotation": [[-0.6522557452965948, -0.035695532190168175, -0.7571580229456544], [0.7575685460979833, 0.002959410377650954, -0.6527489102658117], [0.02554096104911751, -0.9993583295663299, 0.02511152000198624]], "fy": 1198.6700788649687, "fx": 1198.6700788649687}, {"id": 29, "img_name": "0026", "width": 1800, "height": 1186, "position": [2.9413611444302585, 2.659599062984903, -0.09440657390733868], "rotation": [[-0.6756585521496995, -0.03849585663629917, -0.7362089308956643], [0.7366464121953972, 0.003949406225274235, -0.6762665640042519], [0.028941048830612107, -0.9992509550728653, 0.02568938458349834]], "fy": 1198.6700788649687, "fx": 1198.6700788649687}]