[{"id": 0, "img_name": "0024", "width": 1807, "height": 1188, "position": [3.3598649886275513, 2.1889452273579986, 0.0007803363788562497], "rotation": [[-0.5464880620350483, 0.003109478731608425, -0.8374611210048923], [0.8374667087783392, 0.0026936379634244826, -0.5464817069239355], [0.00055654382353771, -0.9999915376922525, -0.0040761259098323075]], "fy": 1194.4125585305999, "fx": 1194.4125585305999}, {"id": 1, "img_name": "0025", "width": 1807, "height": 1188, "position": [3.83947296549128, 1.1542591976933076, 0.004375561256984444], "rotation": [[-0.28729900039773376, -0.0010365230268870058, -0.9578403885773732], [0.9578403613067787, -0.0014190412307218498, -0.2872974566084502], [-0.001061424574501226, -0.9999984559695959, 0.0014005127176857193]], "fy": 1194.4125585305999, "fx": 1194.4125585305999}, {"id": 2, "img_name": "0026", "width": 1807, "height": 1188, "position": [3.9897282853658744, 0.061684777416694224, 0.00783155188866858], "rotation": [[-0.002202849952957449, -0.0021373976425941017, -0.9999952894803947], [0.9999950479391123, -0.0022522738871624945, -0.0021980353933013256], [-0.002247565202114211, -0.9999951793849958, 0.002142348479497129]], "fy": 1194.4125585305999, "fx": 1194.4125585305999}, {"id": 3, "img_name": "0027", "width": 1807, "height": 1188, "position": [3.87132819459209, -0.9637009987447925, 0.011238875313200856], "rotation": [[0.2273061766962026, -0.0018114866205771582, -0.9738216574668865], [0.973820320758756, -0.0020682590642235412, 0.22730971202691005], [-0.0024258839720570544, -0.9999962204029784, 0.0012939344215946388]], "fy": 1194.4125585305999, "fx": 1194.4125585305999}, {"id": 4, "img_name": "0001", "width": 1807, "height": 1188, "position": [2.666203840524735, 2.9863444732214877, 0.0003528823979421603], "rotation": [[-0.7541481085003905, 0.005659603739993018, -0.6566799824346446], [0.656704366449204, 0.0066126426705354424, -0.7541191205926694], [7.437467742721483e-05, -0.9999621202035573, -0.00870359845059899]], "fy": 1194.4125585305999, "fx": 1194.4125585305999}, {"id": 5, "img_name": "0002", "width": 1807, "height": 1188, "position": [2.8511691121771237, 2.8138002876569783, 7.32089039557867e-05], "rotation": [[-0.7092865719752622, 0.0059799711007742186, -0.7048948849018488], [0.7049201822817159, 0.0064552192162618295, -0.7092572641551034], [0.0003089130638013161, -0.999961284295587, -0.008794002627648415]], "fy": 1194.4125585305999, "fx": 1194.4125585305999}, {"id": 6, "img_name": "0003", "width": 1807, "height": 1188, "position": [3.0233115365112804, 2.6306850208613723, 0.00016504424846999644], "rotation": [[-0.6618234679270849, 0.00545624599216165, -0.7496398646551655], [0.7496597129484237, 0.004963573064141141, -0.661804863781254], [0.0001099221044091815, -0.999972795790808, -0.007375336942879309]], "fy": 1194.4125585305999, "fx": 1194.4125585305999}, {"id": 7, "img_name": "0004", "width": 1807, "height": 1188, "position": [3.183980042530685, 2.4366022138636843, 0.0004675638289310761], "rotation": [[-0.6127418451938513, 0.0044655932888444504, -0.790270516737521], [0.7902830612806507, 0.00388998159785414, -0.6127295905177514], [0.00033793662014310635, -0.9999824631058901, -0.005912637236781663]], "fy": 1194.4125585305999, "fx": 1194.4125585305999}, {"id": 8, "img_name": "0005", "width": 1807, "height": 1188, "position": [3.288731210892406, 2.2938539668873745, 0.0005047793304721674], "rotation": [[-0.574627766279315, 0.0037197222792888784, -0.8184064356336558], [0.8184147600514535, 0.0031726285807288576, -0.5746191912543563], [0.00045907584052793255, -0.9999880489754011, -0.004867356091240464]], "fy": 1194.4125585305999, "fx": 1194.4125585305999}, {"id": 9, "img_name": "0006", "width": 1807, "height": 1188, "position": [3.4141217618523134, 2.1037393749635767, 0.0005815565967028396], "rotation": [[-0.5238862803660809, 0.0023289867402994267, -0.8517850321909459], [0.8517876693523617, 0.002565550241676637, -0.5238808875032843], [0.0009651856547025343, -0.9999939968681295, -0.003327858760676549]], "fy": 1194.4125585305999, "fx": 1194.4125585305999}, {"id": 10, "img_name": "0007", "width": 1807, "height": 1188, "position": [3.528557052780471, 1.9048065051969534, 0.0010921373514238932], "rotation": [[-0.47454056075075834, 0.0013323302509621008, -0.8802326289669306], [0.8802333198919865, 0.0015674728003256966, -0.4745385606891734], [0.0007474986242106022, -0.9999978839601101, -0.0019165909016250877]], "fy": 1194.4125585305999, "fx": 1194.4125585305999}, {"id": 11, "img_name": "0008", "width": 1807, "height": 1188, "position": [3.642505407284949, 1.6769881840373704, 0.0017917810800588496], "rotation": [[-0.4184796841958732, 0.0002953388179532061, -0.908226109892179], [0.9082261097403329, 0.0004617784560381375, -0.41847953396384674], [0.000295805999861006, -0.9999998497675965, -0.00046147932813632583]], "fy": 1194.4125585305999, "fx": 1194.4125585305999}, {"id": 12, "img_name": "0009", "width": 1807, "height": 1188, "position": [3.723015851564004, 1.4894190257332038, 0.0024979657476057295], "rotation": [[-0.37263024697851366, -0.0002910787697651575, -0.9279798566291497], [0.927979901713118, -8.191118701672511e-05, -0.3726302393889542], [3.2452820074496355e-05, -0.9999999542816403, 0.0003006378340057109]], "fy": 1194.4125585305999, "fx": 1194.4125585305999}, {"id": 13, "img_name": "0010", "width": 1807, "height": 1188, "position": [3.802173006982957, 1.2746899579798776, 0.00352989387326391], "rotation": [[-0.319659449897326, -0.000725256919696622, -0.9475322211372631], [0.9475321587481403, -0.0010917556113509816, -0.31965859320183093], [-0.0008026390127023786, -0.9999991410354616, 0.0010361942529138574]], "fy": 1194.4125585305999, "fx": 1194.4125585305999}, {"id": 14, "img_name": "0011", "width": 1807, "height": 1188, "position": [3.8660975332555343, 1.0563700486352352, 0.004598231270859592], "rotation": [[-0.25737846442475454, -0.0014233200357964065, -0.9663096295753276], [0.9663102369571162, -0.0013343228469366902, -0.2573766608191629], [-0.0009230396578670209, -0.9999980968692849, 0.0017187946864475833]], "fy": 1194.4125585305999, "fx": 1194.4125585305999}, {"id": 15, "img_name": "0012", "width": 1807, "height": 1188, "position": [3.917151731609908, 0.8343021083093589, 0.005210710975026578], "rotation": [[-0.19087947150916698, -0.0014892989431763996, -0.981612351870439], [0.9816131250307386, -0.0011420070422529115, -0.19087788920485949], [-0.0008367339799299615, -0.9999982389025237, 0.0016799010904012589]], "fy": 1194.4125585305999, "fx": 1194.4125585305999}, {"id": 16, "img_name": "0013", "width": 1807, "height": 1188, "position": [3.9532692888575602, 0.6118984720845906, 0.00567259412458522], "rotation": [[-0.13607565281257525, -0.001964505382074819, -0.9906965011696623], [0.9906981306222852, -0.0010714477373943423, -0.13607375199227753], [-0.0007941619064747938, -0.9999974963558288, 0.0020920297599393454]], "fy": 1194.4125585305999, "fx": 1194.4125585305999}, {"id": 17, "img_name": "0014", "width": 1807, "height": 1188, "position": [3.9773741084300123, 0.38674301776744663, 0.006164716800506199], "rotation": [[-0.08080007878416934, -0.0022018021636303663, -0.9967278963364475], [0.9967299510513887, -0.0010484797386724248, -0.08079792922676582], [-0.0008671479488900146, -0.9999970263741016, 0.0022793194082683867]], "fy": 1194.4125585305999, "fx": 1194.4125585305999}, {"id": 18, "img_name": "0015", "width": 1807, "height": 1188, "position": [3.9885969903930607, 0.16090446265636518, 0.007307362737134154], "rotation": [[-0.02676024306743064, -0.0020406387770139246, -0.9996397977191233], [0.999640682725813, -0.0016027026303118736, -0.0267569950433427], [-0.0015475239715270549, -0.9999966335629518, 0.0020827942522028357]], "fy": 1194.4125585305999, "fx": 1194.4125585305999}, {"id": 19, "img_name": "0016", "width": 1807, "height": 1188, "position": [3.9875568926019036, -0.06419473556036827, 0.008808661818224546], "rotation": [[0.02881463912995121, -0.0023780705790054537, -0.9995819432901476], [0.9995802450344488, -0.0029410628580948486, 0.028821587155049403], [-0.0030083730954865856, -0.9999928474390012, 0.002292326707156891]], "fy": 1194.4125585305999, "fx": 1194.4125585305999}, {"id": 20, "img_name": "0017", "width": 1807, "height": 1188, "position": [3.975931352845871, -0.2897696637172562, 0.009868365334034611], "rotation": [[0.0770064223804442, -0.002174126914916593, -0.9970282263225541], [0.9970231236846063, -0.003703847089966467, 0.07701410490893508], [-0.0038602785329899373, -0.9999907773017048, 0.0018824347945542927]], "fy": 1194.4125585305999, "fx": 1194.4125585305999}, {"id": 21, "img_name": "0018", "width": 1807, "height": 1188, "position": [3.9523507890464704, -0.5151507506593916, 0.010915667337021423], "rotation": [[0.12438440001133795, -0.0021125808834247463, -0.9922318569948286], [0.9922280987985301, -0.0032148664196129675, 0.12439077372762763], [-0.003452678448174279, -0.9999926007903711, 0.0016962828827984115]], "fy": 1194.4125585305999, "fx": 1194.4125585305999}, {"id": 22, "img_name": "0019", "width": 1807, "height": 1188, "position": [3.9184743358202807, -0.738690195257119, 0.010887071188882814], "rotation": [[0.1787641109268152, -0.002067943402282467, -0.9838897886725962], [0.9838878419803502, -0.002518171796331036, 0.17876904993329776], [-0.0028472877938752867, -0.9999946911961409, 0.0015844656290770142]], "fy": 1194.4125585305999, "fx": 1194.4125585305999}, {"id": 23, "img_name": "0020", "width": 1807, "height": 1188, "position": [3.876998288441593, -0.9383274231276348, 0.011223538517354682], "rotation": [[0.23059524241072568, -0.0021004286614097075, -0.9730474923540746], [0.9730460133630892, -0.0022770233629420176, 0.2305998071178805], [-0.0027000103175282993, -0.9999952016702971, 0.0015187429809856994]], "fy": 1194.4125585305999, "fx": 1194.4125585305999}, {"id": 24, "img_name": "0021", "width": 1807, "height": 1188, "position": [3.8268217664665607, -1.1323365932880294, 0.011515672149906338], "rotation": [[0.26947676947354005, -0.0022295469437638936, -0.9630043093538605], [0.9630040021252319, -0.0018252225440722272, 0.2694809092560194], [-0.002358517513105821, -0.9999958488327167, 0.0016552075550237653]], "fy": 1194.4125585305999, "fx": 1194.4125585305999}, {"id": 25, "img_name": "0022", "width": 1807, "height": 1188, "position": [3.782573451511527, -1.2762847505218133, 0.012260213935143463], "rotation": [[0.30495432137746215, -0.0021475045428734586, -0.9523645573502962], [0.9523646539667792, -0.0015218155821045915, 0.304957783885034], [-0.0021042214494975276, -0.999996536144575, 0.0015811231827633312]], "fy": 1194.4125585305999, "fx": 1194.4125585305999}, {"id": 26, "img_name": "0023", "width": 1807, "height": 1188, "position": [3.729188502078751, -1.4304737734090112, 0.012993732920498774], "rotation": [[0.3463379702665785, -0.0020157580273080203, -0.9381076415160347], [0.9381079075042575, -0.0012682739557878405, 0.34634079366883225], [-0.0018879167244824906, -0.999997164096141, 0.001451747117443228]], "fy": 1194.4125585305999, "fx": 1194.4125585305999}]