[{"id": 0, "img_name": "0024", "width": 1806, "height": 1187, "position": [3.611608892631599, -1.7052416358204945, 0.00501199248642525], "rotation": [[0.42245149304556145, -3.611316817990948e-05, -0.9063855331585077], [0.9063853864724977, 0.0005871476899108769, 0.42245140128385344], [0.0005169261134602183, -0.9999998269765085, 0.0002807738661386758]], "fy": 1194.0850243082623, "fx": 1194.0850243082623}, {"id": 1, "img_name": "0025", "width": 1806, "height": 1187, "position": [3.925251555923957, -0.744247412203261, 0.0008819232444854616], "rotation": [[0.18822143963516969, -0.001970494042869197, -0.9821246391443952], [0.9821222931610832, -0.0025893075863102806, 0.18822618511312084], [-0.002913921355316246, -0.9999947063055226, 0.0014479029264894475]], "fy": 1194.0850243082623, "fx": 1194.0850243082623}, {"id": 2, "img_name": "0026", "width": 1806, "height": 1187, "position": [3.9945820153586347, 0.25485600874476627, 0.0008373573035329564], "rotation": [[-0.056593091225198816, -0.0005003146285865029, -0.9983972013735145], [0.998396915630328, -0.0009358413491232736, -0.056592606061368976], [-0.0009060272752119494, -0.9999994369427712, 0.0005524747368688319]], "fy": 1194.0850243082623, "fx": 1194.0850243082623}, {"id": 3, "img_name": "0027", "width": 1806, "height": 1187, "position": [3.7442329965718733, 1.4363262457175525, 0.003487292659904394], "rotation": [[-0.3647140683987578, 0.001674277289334995, -0.9311180618520952], [0.9311192635334086, 0.0014633508257164897, -0.36471190778663115], [0.0007519235202936367, -0.9999975276967122, -0.002092656469737974]], "fy": 1194.0850243082623, "fx": 1194.0850243082623}, {"id": 4, "img_name": "0001", "width": 1806, "height": 1187, "position": [3.1429631918853405, -2.469029811606282, 0.006141159360958726], "rotation": [[0.6184433398723451, 0.0008854409687431525, -0.785828894455687], [0.7858280439279023, 0.0011563353874799265, 0.6184439734243664], [0.0014562773901055242, -0.9999989394406276, 1.9323574564679933e-05]], "fy": 1194.0850243082623, "fx": 1194.0850243082623}, {"id": 5, "img_name": "0002", "width": 1806, "height": 1187, "position": [3.2612772006901554, -2.308593831360312, 0.005683548069004603], "rotation": [[0.5755023145568122, 0.0004988733558100865, -0.817799998205395], [0.8177994027757556, 0.001001077991077831, 0.5755025062173698], [0.0011057844458606358, -0.9999993744837281, 0.0001681443684750211]], "fy": 1194.0850243082623, "fx": 1194.0850243082623}, {"id": 6, "img_name": "0003", "width": 1806, "height": 1187, "position": [3.3446591737231124, -2.184999799187374, 0.00566069332747783], "rotation": [[0.5432267550293545, 0.000443302670049509, -0.839585907517889], [0.8395856527843869, 0.0006542350574718689, 0.5432269356494619], [0.000790100485473709, -0.999999687729376, -1.6792574317617126e-05]], "fy": 1194.0850243082623, "fx": 1194.0850243082623}, {"id": 7, "img_name": "0004", "width": 1806, "height": 1187, "position": [3.4737113077072936, -1.9716923495077014, 0.005409080541104767], "rotation": [[0.48901481335353014, 0.0003839837815081483, -0.8722753950885492], [0.8722751544051843, 0.0006482334182047951, 0.4890149637800946], [0.0007532118759804957, -0.9999997161747138, -1.794376829108977e-05]], "fy": 1194.0850243082623, "fx": 1194.0850243082623}, {"id": 8, "img_name": "0005", "width": 1806, "height": 1187, "position": [3.555992113207296, -1.818030754376373, 0.005665303094694187], "rotation": [[0.4505415475836889, -6.519285598934808e-05, -0.8927554590426224], [0.8927551825416049, 0.0008233216638163041, 0.4505413479210796], [0.0007056528327077527, -0.9999996589454152, 0.0004291418766242312]], "fy": 1194.0850243082623, "fx": 1194.0850243082623}, {"id": 9, "img_name": "0006", "width": 1806, "height": 1187, "position": [3.6536861815643507, -1.6133751461048025, 0.004674549442475494], "rotation": [[0.39970023971906976, -0.00010978719881562981, -0.9166459001789655], [0.9166458713263463, 0.00032589743125450776, 0.39970018810506897], [0.0002548505802201315, -0.9999999408686245, 0.00023089726391516802]], "fy": 1194.0850243082623, "fx": 1194.0850243082623}, {"id": 10, "img_name": "0007", "width": 1806, "height": 1187, "position": [3.7310379128570528, -1.4257425694774566, 0.0038895785345075713], "rotation": [[0.35511112562141656, -0.0013519975866537947, -0.9348231172591068], [0.9348217537096676, -0.001724471729561684, 0.35511310168513277], [-0.0020921880943215324, -0.9999975991468164, 0.0006514976579800599]], "fy": 1194.0850243082623, "fx": 1194.0850243082623}, {"id": 11, "img_name": "0008", "width": 1806, "height": 1187, "position": [3.7988832552086667, -1.2354347902707445, 0.0027071064602956193], "rotation": [[0.308377461932486, -0.0015881943573260635, -0.9512627495126564], [0.9512603063907767, -0.0023001035042014054, 0.30838051009944756], [-0.002677770969619629, -0.9999960935734553, 0.0008014861701505304]], "fy": 1194.0850243082623, "fx": 1194.0850243082623}, {"id": 12, "img_name": "0009", "width": 1806, "height": 1187, "position": [3.857254255404899, -1.0408157956637187, 0.0019002266698452687], "rotation": [[0.2605048137816025, -0.001913149517792681, -0.9654706530263634], [0.9654680500129005, -0.002536459427786358, 0.2605091376091404], [-0.00294727007111731, -0.99999495310332, 0.0011863248434264308]], "fy": 1194.0850243082623, "fx": 1194.0850243082623}, {"id": 13, "img_name": "0010", "width": 1806, "height": 1187, "position": [3.9051709180804384, -0.8433013992506572, 0.001227346407504969], "rotation": [[0.21265080150928212, -0.0019089333344037233, -0.9771263954016401], [0.9771244784333214, -0.0023666945754909014, 0.2126550079429023], [-0.0027185039729561507, -0.9999953773542798, 0.0013619859903374952]], "fy": 1194.0850243082623, "fx": 1194.0850243082623}, {"id": 14, "img_name": "0011", "width": 1806, "height": 1187, "position": [3.9428090074120075, -0.6442446506626185, 0.0005125410575365177], "rotation": [[0.16353822443731034, -0.002027600923711555, -0.9865349147303419], [0.9865332678998364, -0.0024139234131692086, 0.16354291271903165], [-0.0027130194894720637, -0.9999950308915874, 0.001605527016348629]], "fy": 1194.0850243082623, "fx": 1194.0850243082623}, {"id": 15, "img_name": "0012", "width": 1806, "height": 1187, "position": [3.9703903450950024, -0.44540292836143913, 0.000668578032722957], "rotation": [[0.11369738622063454, -0.0015577795516015327, -0.9935142060831752], [0.9935119906059816, -0.002451996338132387, 0.11370097728734588], [-0.002613214252613799, -0.99999578050932, 0.0012688870885687997]], "fy": 1194.0850243082623, "fx": 1194.0850243082623}, {"id": 16, "img_name": "0013", "width": 1806, "height": 1187, "position": [3.988909059137932, -0.24655795216807716, 0.0004151083755465039], "rotation": [[0.06310894389287186, -0.0012822708621700973, -0.9980058201141813], [0.9980044197855714, -0.0020300844384149893, 0.06311146366261217], [-0.002106962075784866, -0.9999971172649581, 0.001151595502886376]], "fy": 1194.0850243082623, "fx": 1194.0850243082623}, {"id": 17, "img_name": "0014", "width": 1806, "height": 1187, "position": [3.998222918470203, -0.045465714394470017, 0.0006210137076104412], "rotation": [[0.015734643337519973, -0.0006048069319920021, -0.9998760199180866], [0.9998754941766436, -0.0011810681777031152, 0.015735349470936067], [-0.0011904385972110406, -0.9999991196426884, 0.0005861479434735975]], "fy": 1194.0850243082623, "fx": 1194.0850243082623}, {"id": 18, "img_name": "0015", "width": 1806, "height": 1187, "position": [3.998167743015286, 0.15496807137464927, 0.00088479531999287], "rotation": [[-0.03272661934975043, -0.0002568526547317298, -0.9994643077230261], [0.9994640767907409, -0.0007351541225970003, -0.03272642286056899], [-0.0007263544376195275, -0.9999996967873277, 0.00028077411056641856]], "fy": 1194.0850243082623, "fx": 1194.0850243082623}, {"id": 19, "img_name": "0016", "width": 1806, "height": 1187, "position": [3.9886874079530275, 0.35440414201767756, 0.0012306299541940248], "rotation": [[-0.08173168261284615, -0.00028277333306449547, -0.9966543292918224], [0.9966542570695089, -0.0004979820793215881, -0.08173153540141898], [-0.0004732044965836592, -0.9999998360263409, 0.0003225281594385477]], "fy": 1194.0850243082623, "fx": 1194.0850243082623}, {"id": 20, "img_name": "0017", "width": 1806, "height": 1187, "position": [3.9695943912003795, 0.554613957386398, 0.0016313293731779375], "rotation": [[-0.12856479400989151, -0.0005788948614957269, -0.9917009421300106], [0.9917010849688022, 0.00015448093154915698, -0.12856490270420656], [0.000227624446902595, -0.9999998205079832, 0.0005542298530851902]], "fy": 1194.0850243082623, "fx": 1194.0850243082623}, {"id": 21, "img_name": "0018", "width": 1806, "height": 1187, "position": [3.93976604695322, 0.7517923144582689, 0.002192635336378541], "rotation": [[-0.17673050565400014, -0.0003313511405216726, -0.9842592232625104], [0.9842586936782641, 0.0010311183954366864, -0.1767307576898015], [0.0010734477291099891, -0.9999994135002745, 0.000143905165304084]], "fy": 1194.0850243082623, "fx": 1194.0850243082623}, {"id": 22, "img_name": "0019", "width": 1806, "height": 1187, "position": [3.904731898011157, 0.9234737514662471, 0.0024266545493151024], "rotation": [[-0.2223393762819376, -8.591605071528403e-05, -0.9749693299651065], [0.9749686992589566, 0.0011212674002515992, -0.22233933125903643], [0.0011123038431954896, -0.9999993676885331, -0.0001655364342057776]], "fy": 1194.0850243082623, "fx": 1194.0850243082623}, {"id": 23, "img_name": "0020", "width": 1806, "height": 1187, "position": [3.796393515957806, 1.2974935028081225, 0.003307160858920082], "rotation": [[-0.3247662689162641, 0.001067900371834572, -0.9457937038078768], [0.9457939231447162, 0.001267284024134782, -0.32476491333536817], [0.0008517726792533519, -0.9999986267888649, -0.0014215847863804814]], "fy": 1194.0850243082623, "fx": 1194.0850243082623}, {"id": 24, "img_name": "0021", "width": 1806, "height": 1187, "position": [3.695892364170448, 1.551159845304696, 0.0035346510926929746], "rotation": [[-0.3953838347025958, 0.002103566016196077, -0.918513580882451], [0.918515495766273, 0.0019425163963840075, -0.3953802102625866], [0.0009525193173807462, -0.9999959008114394, -0.0027001975640183204]], "fy": 1194.0850243082623, "fx": 1194.0850243082623}, {"id": 25, "img_name": "0022", "width": 1806, "height": 1187, "position": [3.599467453920763, 1.756017907579903, 0.004021553652532216], "rotation": [[-0.4469823997628981, 0.003323541897538955, -0.8945365774360897], [0.894541257647007, 0.0034882414035315593, -0.44697177823574263], [0.001634830094402042, -0.9999883930530312, -0.004532227862369773]], "fy": 1194.0850243082623, "fx": 1194.0850243082623}, {"id": 26, "img_name": "0023", "width": 1806, "height": 1187, "position": [3.4488794147893036, 2.0286497303803586, 0.004945876358737149], "rotation": [[-0.5185259627236772, 0.006071539354696961, -0.8550403279325282], [0.8550593872192871, 0.0060985787445582765, -0.5184942156528597], [0.002066472734150427, -0.9999629711878225, -0.008353798134873126]], "fy": 1194.0850243082623, "fx": 1194.0850243082623}]