[{"id": 0, "img_name": "0026", "width": 1785, "height": 1182, "position": [3.7429731040892067, -1.5335848875912548, 0.06248470716089866], "rotation": [[0.37616509853432173, 0.006997292720729168, -0.9265262308964175], [0.9263999009634888, -0.020997273940313612, 0.3759552340131909], [-0.01682385626073782, -0.9997550461895821, -0.014380732904206243]], "fy": 1272.309450322852, "fx": 1272.309450322852}, {"id": 1, "img_name": "0027", "width": 1785, "height": 1182, "position": [3.9946922301044783, 0.2244222173106225, 0.014416227528020744], "rotation": [[-0.05341030841753851, 0.0036520137562938942, -0.9985659726578632], [0.998572055635244, 0.0012871414329153285, -0.053405926369036405], [0.0010902564591399925, -0.999992503003064, -0.003715545504739564]], "fy": 1272.309450322852, "fx": 1272.309450322852}, {"id": 2, "img_name": "0028", "width": 1785, "height": 1182, "position": [3.7237002965415873, 1.4240786375262973, 9.752120104230425e-05], "rotation": [[-0.3462047928040051, -0.007550180510246165, -0.9381285819191713], [0.9380504842121625, 0.012420436106149312, -0.3462759330884255], [0.014266411912251073, -0.9998943581904401, 0.002782435974860863]], "fy": 1272.309450322852, "fx": 1272.309450322852}, {"id": 3, "img_name": "0029", "width": 1785, "height": 1182, "position": [3.2293203607820105, 2.3000819554660716, -0.005491902810132207], "rotation": [[-0.587633024455178, -0.006603074229293745, -0.8091006290816117], [0.8090525768879819, 0.008819371241595455, -0.5876701000747088], [0.011016188112808946, -0.9999393072089434, 0.0001596804241009817]], "fy": 1272.309450322852, "fx": 1272.309450322852}, {"id": 4, "img_name": "0001", "width": 1785, "height": 1182, "position": [3.624508752500833, -1.8117051142531846, 0.07310700658405885], "rotation": [[0.4433561519548198, 0.00679480697430405, -0.896319782846431], [0.8961595886474998, -0.02372775187255651, 0.443097038430882], [-0.018256894558820236, -0.999695365793567, -0.016609076187786884]], "fy": 1272.309450322852, "fx": 1272.309450322852}, {"id": 5, "img_name": "0002", "width": 1785, "height": 1182, "position": [3.695788092763646, -1.6513782071927876, 0.06659875640945162], "rotation": [[0.40424796441504884, 0.006923192529161121, -0.9146232298992685], [0.9144848122920717, -0.022030567561968882, 0.404020026954149], [-0.017352560427801603, -0.9997333261915289, -0.015236966512325896]], "fy": 1272.309450322852, "fx": 1272.309450322852}, {"id": 6, "img_name": "0003", "width": 1785, "height": 1182, "position": [3.7767647311771504, -1.4401914523349293, 0.05897197727402073], "rotation": [[0.35245592828050026, 0.007345911131340073, -0.9357995812188945], [0.9356932406820346, -0.019761664226140833, 0.35226074996934503], [-0.015905280942676996, -0.9997777324068289, -0.013838635101437827]], "fy": 1272.309450322852, "fx": 1272.309450322852}, {"id": 7, "img_name": "0004", "width": 1785, "height": 1182, "position": [3.837195448054105, -1.2512189429798024, 0.05209231800540282], "rotation": [[0.3038685747211223, 0.00794238833699569, -0.9526808530480367], [0.9526285634257045, -0.015921403923922255, 0.30371916146758005], [-0.012755761146202398, -0.9998417011529737, -0.012404160309562793]], "fy": 1272.309450322852, "fx": 1272.309450322852}, {"id": 8, "img_name": "0005", "width": 1785, "height": 1182, "position": [3.8898709758688876, -1.0566861004694976, 0.04649789646601655], "rotation": [[0.2560820583210321, 0.00845832378467111, -0.9666180404713612], [0.9666026110948345, -0.012655879705208605, 0.25596722628792784], [-0.010068347962882552, -0.9998841360215284, -0.011416781580521817]], "fy": 1272.309450322852, "fx": 1272.309450322852}, {"id": 9, "img_name": "0006", "width": 1785, "height": 1182, "position": [3.9370030405736913, -0.8364942515009329, 0.039564061520486665], "rotation": [[0.2035350147949891, 0.007603643150770864, -0.9790381414240796], [0.979015409956006, -0.011912142070580835, 0.2034377741226137], [-0.010115573195345565, -0.9999001377547675, -0.009868621828986774]], "fy": 1272.309450322852, "fx": 1272.309450322852}, {"id": 10, "img_name": "0007", "width": 1785, "height": 1182, "position": [3.9656041400576787, -0.6608495896413572, 0.034977942956446836], "rotation": [[0.16458745409772338, 0.007207326208833368, -0.9863361619663077], [0.9863025019939423, -0.01223130386219534, 0.1644924611230558], [-0.010878626481073732, -0.999899219748984, -0.00912172303543323]], "fy": 1272.309450322852, "fx": 1272.309450322852}, {"id": 11, "img_name": "0008", "width": 1785, "height": 1182, "position": [3.9891609244307253, -0.46096907694195555, 0.029016787384767102], "rotation": [[0.11418344298176102, 0.006485498660043563, -0.993438513273891], [0.9934333598481794, -0.008024782862879718, 0.11413046219463777], [-0.007231935397011544, -0.999946769166745, -0.00735920806060256]], "fy": 1272.309450322852, "fx": 1272.309450322852}, {"id": 12, "img_name": "0009", "width": 1785, "height": 1182, "position": [4.002980151761626, -0.2591575408254812, 0.024251649100645742], "rotation": [[0.06481642342770266, 0.00561002310787499, -0.9978814352891062], [0.9978900538041944, -0.004150086091110417, 0.06479365172683667], [-0.0037777999817394615, -0.9999756519166068, -0.005867179998302958]], "fy": 1272.309450322852, "fx": 1272.309450322852}, {"id": 13, "img_name": "0010", "width": 1785, "height": 1182, "position": [4.00668042236043, -0.055500373992285086, 0.019727056984936535], "rotation": [[0.01488078391587853, 0.00455198034388028, -0.9998789135414721], [0.9998876610727648, -0.0018644504213573138, 0.014872426132320371], [-0.00179652567023856, -0.99998790157654, -0.004579213463133721]], "fy": 1272.309450322852, "fx": 1272.309450322852}, {"id": 14, "img_name": "0011", "width": 1785, "height": 1182, "position": [4.0013621029389395, 0.12379113813412147, 0.014913510083035498], "rotation": [[-0.028485703723695684, 0.0038850443405779537, -0.9995866501277989], [0.9995941077392902, 0.0005403679603086897, -0.02848381602523772], [0.00042948371103444414, -0.9999923071868188, -0.0038988601927667107]], "fy": 1272.309450322852, "fx": 1272.309450322852}, {"id": 15, "img_name": "0012", "width": 1785, "height": 1182, "position": [3.9831255183907213, 0.35045602075870663, 0.012386206334225143], "rotation": [[-0.08503983533676497, 0.0027235320092537717, -0.9963738298345494], [0.9963742050326321, 0.0028244546486486605, -0.08503214687121602], [0.0025826249216487408, -0.9999923023849779, -0.0029538481988383766]], "fy": 1272.309450322852, "fx": 1272.309450322852}, {"id": 16, "img_name": "0013", "width": 1785, "height": 1182, "position": [3.9573134297314887, 0.5496734087004, 0.009424365027025138], "rotation": [[-0.1334770203238751, 0.0015804189385016578, -0.9910506482119447], [0.991042541146526, 0.004560658766992683, -0.13346865560665155], [0.00430890743628449, -0.9999883512658869, -0.0021750055438209018]], "fy": 1272.309450322852, "fx": 1272.309450322852}, {"id": 17, "img_name": "0014", "width": 1785, "height": 1182, "position": [3.921477315698702, 0.7487359145084337, 0.006512645797538881], "rotation": [[-0.18155027054087888, -0.0004572005362598704, -0.9833815588234712], [0.9833632679283891, 0.00603243885078545, -0.18154969834926976], [0.0060151937400357664, -0.999981700157087, -0.000645596691946267]], "fy": 1272.309450322852, "fx": 1272.309450322852}, {"id": 18, "img_name": "0015", "width": 1785, "height": 1182, "position": [3.8764780087625863, 0.9468575961129941, 0.004201913099578814], "rotation": [[-0.2288855125044737, -0.0023659147807825057, -0.9734504736311403], [0.9734230844750502, 0.007329018458611582, -0.22889688529884533], [0.007675987013990432, -0.9999703435280269, 0.000625529917460375]], "fy": 1272.309450322852, "fx": 1272.309450322852}, {"id": 19, "img_name": "0016", "width": 1785, "height": 1182, "position": [3.8232851332811983, 1.1385763995959544, 0.0021796543975293715], "rotation": [[-0.2767015001043871, -0.0049660375631259005, -0.9609430879665979], [0.9608967936124256, 0.009662937493560312, -0.27673810663577747], [0.010659824826591679, -0.9999409813132939, 0.0020981002714834983]], "fy": 1272.309450322852, "fx": 1272.309450322852}, {"id": 20, "img_name": "0017", "width": 1785, "height": 1182, "position": [3.7587243681252147, 1.3310415524776977, 0.00075632539667966], "rotation": [[-0.3228468737721525, -0.007042127459754285, -0.9464250126324143], [0.9463602344837206, 0.011462744544383474, -0.3229100680923828], [0.013122602007764769, -0.9999095028692484, 0.002963678153074331]], "fy": 1272.309450322852, "fx": 1272.309450322852}, {"id": 21, "img_name": "0018", "width": 1785, "height": 1182, "position": [3.6861541910984568, 1.5173152239487153, -6.684349089772804e-05], "rotation": [[-0.36974160851769744, -0.00842569661453037, -0.9290964161846622], [0.9289970660179295, 0.013853524088888946, -0.36982770474965365], [0.01598731562238332, -0.9998685351118692, 0.002705223153791461]], "fy": 1272.309450322852, "fx": 1272.309450322852}, {"id": 22, "img_name": "0019", "width": 1785, "height": 1182, "position": [3.6034293927953924, 1.6995963067658084, -0.0005744281710023719], "rotation": [[-0.4168399433766313, -0.008862556011905215, -0.908936695654092], [0.9088211899859979, 0.014621931342175333, -0.4169295429161373], [0.01698547138535016, -0.9998538164275005, 0.0019594736683279193]], "fy": 1272.309450322852, "fx": 1272.309450322852}, {"id": 23, "img_name": "0020", "width": 1785, "height": 1182, "position": [3.494786186643862, 1.9020563356590294, -0.001729337549672591], "rotation": [[-0.4793800506969644, -0.006563364114271012, -0.8775828674519327], [0.8775267407315068, 0.009973268758770585, -0.47942398063864466], [0.01189900394523532, -0.9999287255407986, 0.0009785414362364969]], "fy": 1272.309450322852, "fx": 1272.309450322852}, {"id": 24, "img_name": "0021", "width": 1785, "height": 1182, "position": [3.3906987478587536, 2.0747323258526778, -0.0029175225600820676], "rotation": [[-0.531169536966112, -0.004916888723458073, -0.8472512892904704], [0.8472224820190924, 0.007000927929231062, -0.531192105522605], [0.008543357687904735, -0.9999634049370447, 0.00044701902159706804]], "fy": 1272.309450322852, "fx": 1272.309450322852}, {"id": 25, "img_name": "0022", "width": 1785, "height": 1182, "position": [3.2896109467666363, 2.21918764833367, -0.00479127003834909], "rotation": [[-0.5670443196926476, -0.005927535375119044, -0.8236659540302462], [0.8236260052906631, 0.00811697572093853, -0.5670752314411995], [0.010047035045748727, -0.9999494882389807, 0.00027938730658707384]], "fy": 1272.309450322852, "fx": 1272.309450322852}, {"id": 26, "img_name": "0023", "width": 1785, "height": 1182, "position": [3.166772424429288, 2.3789740990871953, -0.0063121550611274935], "rotation": [[-0.607925327990438, -0.007001360946137131, -0.7939633345013467], [0.793907452204373, 0.009421382580766692, -0.6079656198212433], [0.011736819076648938, -0.9999311068743912, -0.00016906446482505564]], "fy": 1272.309450322852, "fx": 1272.309450322852}, {"id": 27, "img_name": "0024", "width": 1785, "height": 1182, "position": [3.0355643771361938, 2.533032636101315, -0.007374470141814076], "rotation": [[-0.6474148143130745, -0.007953127601963638, -0.7620963232880681], [0.7620133166735338, 0.011318927682235238, -0.6474624213715614], [0.013775464424839385, -0.999904310240409, -0.0012676523217172928]], "fy": 1272.309450322852, "fx": 1272.309450322852}, {"id": 28, "img_name": "0025", "width": 1785, "height": 1182, "position": [2.9145527314744566, 2.6624327774823393, -0.008134695916145612], "rotation": [[-0.6806458179273309, -0.009126328626011994, -0.7325557867246165], [0.7324270128873837, 0.014030799012489928, -0.6807009677324806], [0.016490643736540547, -0.9998599135902777, -0.002865635055851598]], "fy": 1272.309450322852, "fx": 1272.309450322852}]