[{"id": 0, "img_name": "0023", "width": 1810, "height": 1188, "position": [3.7739873397554593, -1.2548858285155402, 0.08843385479127946], "rotation": [[0.31700979136184354, 0.016298741380161283, -0.9482822065244302], [0.9482575895284145, -0.024078289915072763, 0.3165877127377599], [-0.01767303263595063, -0.9995772041142633, -0.023088458875825876]], "fy": 1200.043669249676, "fx": 1200.043669249676}, {"id": 1, "img_name": "0024", "width": 1810, "height": 1188, "position": [3.9838293420962203, -0.24820768311899452, 0.03263657653851097], "rotation": [[0.063665907565399, 0.007160936313810442, -0.9979455762744193], [0.9979537613339091, -0.006379904652760488, 0.0636206496047055], [-0.005911214205212377, -0.9999540078465758, -0.007552465748938321]], "fy": 1200.043669249676, "fx": 1200.043669249676}, {"id": 2, "img_name": "0025", "width": 1810, "height": 1188, "position": [3.9577694626738844, 0.6225932106559682, -0.0015806574901144365], "rotation": [[-0.15509076383737821, -0.006721097881057076, -0.9878773617288287], [0.9878163432713153, 0.01197581252181687, -0.15516266264965145], [0.012873497521765285, -0.9999056989328614, 0.004781872420052661]], "fy": 1200.043669249676, "fx": 1200.043669249676}, {"id": 3, "img_name": "0026", "width": 1810, "height": 1188, "position": [3.640441349222847, 1.707620546481733, -0.035448378620649215], "rotation": [[-0.42425551326082045, -0.015498228214786736, -0.9054098875043828], [0.9052733742154866, 0.017116962865292337, -0.4244845433213977], [0.02207662574832563, -0.9997333717072615, 0.0067681674844807345]], "fy": 1200.043669249676, "fx": 1200.043669249676}, {"id": 4, "img_name": "0001", "width": 1810, "height": 1188, "position": [3.687377068809215, -1.479476601452067, 0.10353950243672504], "rotation": [[0.37582162454226253, 0.017103652963784185, -0.9265341718373955], [0.9264611902703526, -0.029249616722218257, 0.3752520790674515], [-0.020682588071973557, -0.99942579763462, -0.026838509156581054]], "fy": 1200.043669249676, "fx": 1200.043669249676}, {"id": 5, "img_name": "0002", "width": 1810, "height": 1188, "position": [3.74107069938569, -1.346190752153439, 0.09430675964129603], "rotation": [[0.34028089258225147, 0.016362372674637658, -0.9401814648803608], [0.9401318969181969, -0.026120747968064024, 0.33980836205511705], [-0.01899817203048116, -0.9995248767723314, -0.02427117989417834]], "fy": 1200.043669249676, "fx": 1200.043669249676}, {"id": 6, "img_name": "0003", "width": 1810, "height": 1188, "position": [3.805032241273241, -1.1630283463950404, 0.08250553690914426], "rotation": [[0.29337634125502315, 0.015579848091308085, -0.9558700700021772], [0.9558428877368449, -0.022734865956123115, 0.2929974399766083], [-0.01716672230699182, -0.9996201249495271, -0.021561758783227993]], "fy": 1200.043669249676, "fx": 1200.043669249676}, {"id": 7, "img_name": "0004", "width": 1810, "height": 1188, "position": [3.8478661504198026, -1.0219814416957305, 0.07356372012223268], "rotation": [[0.2569091848855569, 0.014362763202263434, -0.9663288165812576], [0.96630910980909, -0.01999120944021644, 0.25660681176672107], [-0.01563249888689924, -0.9996969853805762, -0.0190147942465403]], "fy": 1200.043669249676, "fx": 1200.043669249676}, {"id": 8, "img_name": "0005", "width": 1810, "height": 1188, "position": [3.890263534806552, -0.8579858831033893, 0.06380122683768424], "rotation": [[0.21384424233234714, 0.013433264533143106, -0.9767754027543825], [0.9767865666261697, -0.015832812192790025, 0.21362894306888072], [-0.012595367402166956, -0.9997844114921726, -0.016507188069267393]], "fy": 1200.043669249676, "fx": 1200.043669249676}, {"id": 9, "img_name": "0006", "width": 1810, "height": 1188, "position": [3.925906830234186, -0.689917554641292, 0.05459352027918973], "rotation": [[0.17008249600964923, 0.012076943941439034, -0.9853558199842645], [0.9853807042288447, -0.012068397443387014, 0.16993887582485231], [-0.009839323381916718, -0.9998542399814498, -0.013953010685955114]], "fy": 1200.043669249676, "fx": 1200.043669249676}, {"id": 10, "img_name": "0007", "width": 1810, "height": 1188, "position": [3.954429267021843, -0.5212005624668973, 0.04593307818704712], "rotation": [[0.12691140599421125, 0.01038888807706582, -0.9918596503708546], [0.991888999073472, -0.008436695775183573, 0.12682679402012442], [-0.0070504287536107, -0.9999104425745431, -0.011375336719021016]], "fy": 1200.043669249676, "fx": 1200.043669249676}, {"id": 11, "img_name": "0008", "width": 1810, "height": 1188, "position": [3.9755202706975195, -0.34794587104947095, 0.03683554833669778], "rotation": [[0.08644820561239634, 0.008305184858041175, -0.9962217281567239], [0.9962376335546903, -0.006849548752232478, 0.08639248330289599], [-0.006106163750866992, -0.9999420521145532, -0.008866068908094216]], "fy": 1200.043669249676, "fx": 1200.043669249676}, {"id": 12, "img_name": "0009", "width": 1810, "height": 1188, "position": [3.990560140559158, -0.1496830811013371, 0.027890388228380636], "rotation": [[0.03793568993851989, 0.005848231723327577, -0.9992630692742012], [0.999273905265648, -0.00376649455194259, 0.03791405773497211], [-0.0035419887111729793, -0.9999758055599144, -0.005986869922545522]], "fy": 1200.043669249676, "fx": 1200.043669249676}, {"id": 13, "img_name": "0010", "width": 1810, "height": 1188, "position": [3.9958072164667513, -0.001968839988425939, 0.021205149500652703], "rotation": [[0.000571269476071009, 0.003504590975529324, -0.9999936957271178], [0.9999996853832295, 0.0005483441947788311, 0.0005731946320323337], [0.0005503495506020362, -0.9999937085609275, -0.0035042766206252757]], "fy": 1200.043669249676, "fx": 1200.043669249676}, {"id": 14, "img_name": "0011", "width": 1810, "height": 1188, "position": [3.995167438285778, 0.17356890548991866, 0.014140199753656931], "rotation": [[-0.04353814569256349, 0.00044576466373169853, -0.9990516659133385], [0.9990426902346441, 0.004281748422016074, -0.04353584407330691], [0.0042582811531433565, -0.9999907339195773, -0.0006317573154826006]], "fy": 1200.043669249676, "fx": 1200.043669249676}, {"id": 15, "img_name": "0012", "width": 1810, "height": 1188, "position": [3.9866707050424655, 0.3478489287818845, 0.007549508680414713], "rotation": [[-0.08768721984803197, -0.0022676145163575425, -0.9961454760226677], [0.9961216218424178, 0.007085571463703156, -0.08770124956386759], [0.00725713258521694, -0.999972325918141, 0.0016375057870609002]], "fy": 1200.043669249676, "fx": 1200.043669249676}, {"id": 16, "img_name": "0013", "width": 1810, "height": 1188, "position": [3.9701689306303893, 0.5229428684463301, 0.0016717859296159503], "rotation": [[-0.1307227665734514, -0.004899184426966494, -0.9914068570935107], [0.9913577599853254, 0.010465170458439178, -0.1307680080300758], [0.011015898341635428, -0.9999332368713052, 0.0034888084642826674]], "fy": 1200.043669249676, "fx": 1200.043669249676}, {"id": 17, "img_name": "0014", "width": 1810, "height": 1188, "position": [3.9466149142742917, 0.6959571579673455, -0.004103817809125755], "rotation": [[-0.17507107399234345, -0.007732093220300217, -0.9845254358249458], [0.9844566514569774, 0.012816105406968113, -0.17515949544433007], [0.013972131308570054, -0.9998879748138433, 0.005368181262413057]], "fy": 1200.043669249676, "fx": 1200.043669249676}, {"id": 18, "img_name": "0015", "width": 1810, "height": 1188, "position": [3.919713168556001, 0.8435476781209966, -0.008422416007184404], "rotation": [[-0.2101390617318242, -0.00894658528261493, -0.9776305709965031], [0.9775632127535905, 0.012960236408071708, -0.21024318619904284], [0.01455128191529126, -0.9998759877528448, 0.006022400733432322]], "fy": 1200.043669249676, "fx": 1200.043669249676}, {"id": 19, "img_name": "0016", "width": 1810, "height": 1188, "position": [3.8821092702443907, 1.0125460037007268, -0.014154982775791573], "rotation": [[-0.2525714931597143, -0.00984078312368434, -0.9675281907165724], [0.967504135571034, 0.009806507569040002, -0.252664956142011], [0.011974493561870414, -0.9999034910417652, 0.007044154110027855]], "fy": 1200.043669249676, "fx": 1200.043669249676}, {"id": 20, "img_name": "0017", "width": 1810, "height": 1188, "position": [3.843493717097154, 1.1574398858774682, -0.018764400873549546], "rotation": [[-0.2875848253555508, -0.010756354383776449, -0.9576947682149501], [0.9576957429209918, 0.007909508775148242, -0.28767395374268023], [0.010669218166548118, -0.9999108662835932, 0.00802666010294314]], "fy": 1200.043669249676, "fx": 1200.043669249676}, {"id": 21, "img_name": "0018", "width": 1810, "height": 1188, "position": [3.7844921712679054, 1.3451311133644297, -0.024905151556555576], "rotation": [[-0.33267394471508094, -0.012440768316336275, -0.9429598473912376], [0.9429318091593417, 0.010890892596212579, -0.3328077398948955], [0.014410058406394897, -0.999863298527782, 0.008107679974404963]], "fy": 1200.043669249676, "fx": 1200.043669249676}, {"id": 22, "img_name": "0019", "width": 1810, "height": 1188, "position": [3.725482756680917, 1.5067737640975718, -0.029978593670499237], "rotation": [[-0.3728325678997539, -0.014453893784417665, -0.9277860536074272], [0.9277206808147613, 0.013774949704521613, -0.37302089639755226], [0.018171810640897422, -0.9998006479872903, 0.008273426311077546]], "fy": 1200.043669249676, "fx": 1200.043669249676}, {"id": 23, "img_name": "0020", "width": 1810, "height": 1188, "position": [3.6795488028019503, 1.6195466091778978, -0.03323810543949748], "rotation": [[-0.402897564318226, -0.015044799104448786, -0.9151214163634499], [0.9150060516733124, 0.01622868106958032, -0.4031135761940516], [0.020915976376220505, -0.9997551119806029, 0.007227586151748744]], "fy": 1200.043669249676, "fx": 1200.043669249676}, {"id": 24, "img_name": "0021", "width": 1810, "height": 1188, "position": [3.5989074158640584, 1.7953350077912142, -0.03747574176661778], "rotation": [[-0.4463258255732355, -0.015887932213006488, -0.8947294736606499], [0.8945453271278202, 0.019031241972915256, -0.44657190859115825], [0.02412291732546424, -0.9996926454864326, 0.005718340733623185]], "fy": 1200.043669249676, "fx": 1200.043669249676}, {"id": 25, "img_name": "0022", "width": 1810, "height": 1188, "position": [3.537752138513977, 1.9165009875673173, -0.03995946866454723], "rotation": [[-0.4760522873158412, -0.016381846340077128, -0.8792643827953827], [0.8790345995825288, 0.02061684993999935, -0.4763119967367341], [0.025930531778155092, -0.9996532301802162, 0.004585511166788137]], "fy": 1200.043669249676, "fx": 1200.043669249676}]